UNOQ_DIAG_BEGIN_V1
diagnostic_revision=startup_sync_v2
reason=timeout_no_timestamp_error
first_ready_us=206704
bad_pair=0
previous_ts=0
bad_ts=0
dma_errors=0
adc_buffer=536933728
ts_buffer=536917344
node_bytes=8192
cache_line_config=32
seq,phase,us,node,base,adc_dest,ts_dest,adc_left,ts_left,flags,elapsed_us,written,t0,t1,a0,a1,b0,b1
818,B,13050574,0,1536,536947774,536931392,4676,2336,0,0,0,0,0,0,0,0,0
819,C,13050664,0,1536,536947776,536931396,4672,2332,0,89,0,12853059,12853159,11407,16381,11358,16383
820,W,13099534,0,1536,536949732,536933348,760,380,0,48784,4103,0,0,0,0,0,0
821,T,13109107,1,0,536933732,536917348,16376,8188,3,0,0,0,0,0,0,0,0
822,B,13109127,1,0,536933732,536917348,16376,8188,0,0,0,0,0,0,0,0,0
823,C,13109183,1,0,536933736,536917352,16368,8184,0,55,0,12904259,12904359,15108,16383,15021,16367
824,W,13157451,1,0,536935664,536919280,12512,6256,0,48216,4103,0,0,0,0,0,0
825,B,13157454,1,512,536935664,536919280,12512,6256,0,0,0,0,0,0,0,0,0
826,C,13157544,1,512,536935668,536919284,12504,6252,0,89,0,12955459,12955559,15974,16377,15961,16383
827,W,13206413,1,512,536937624,536921240,8592,4296,0,48790,4103,0,0,0,0,0,0
828,B,13206416,1,1024,536937624,536921240,8592,4296,0,0,0,0,0,0,0,0,0
829,C,13206506,1,1024,536937628,536921244,8584,4292,0,90,0,13006659,13006759,16188,16383,16280,16383
830,W,13255408,1,1024,536939584,536923200,4672,2336,0,48820,4103,0,0,0,0,0,0
831,B,13255411,1,1536,536939584,536923200,4672,2336,0,0,0,0,0,0,0,0,0
832,C,13255504,1,1536,536939588,536923204,4664,2332,0,93,0,13057859,13057959,4393,63,4411,0
833,W,13304383,1,1536,536941544,536925160,752,376,0,48801,4103,0,0,0,0,0,0
834,T,13313938,0,0,536941924,536925540,16376,8188,3,0,0,0,0,0,0,0,0
835,B,13313958,0,0,536941924,536925540,16376,8188,0,0,0,0,0,0,0,0,0
836,C,13314014,0,0,536941928,536925544,16368,8184,0,55,0,13109059,13109159,1216,37,1143,0
837,W,13362283,0,0,536943860,536927476,12504,6252,0,48217,4103,0,0,0,0,0,0
838,B,13362286,0,512,536943860,536927476,12504,6252,0,0,0,0,0,0,0,0,0
839,C,13362376,0,512,536943862,536927480,12500,6248,0,89,0,13160259,13160359,307,0,307,95
840,W,13411248,0,512,536945816,536929432,8592,4296,0,48793,4103,0,0,0,0,0,0
841,B,13411250,0,1024,536945816,536929432,8592,4296,0,0,0,0,0,0,0,0,0
842,C,13411341,0,1024,536945820,536929436,8584,4292,0,89,0,13211459,13211559,561,16308,567,16383
843,W,13460239,0,1024,536947776,536931392,4672,2336,0,48820,4103,0,0,0,0,0,0
844,B,13460242,0,1536,536947776,536931392,4672,2336,0,0,0,0,0,0,0,0,0
845,C,13460332,0,1536,536947780,536931396,4664,2332,0,89,0,13262659,13262759,12452,16383,12453,16332
846,W,13509201,0,1536,536949736,536933352,752,376,0,48790,4103,0,0,0,0,0,0
847,T,13518769,1,0,536933732,536917352,16376,8184,3,0,0,0,0,0,0,0,0
848,B,13518789,1,0,536933736,536917352,16368,8184,0,0,0,0,0,0,0,0,0
849,C,13518844,1,0,536933736,536917352,16368,8184,0,54,0,13313859,13313959,15418,16383,15357,16383
850,W,13567113,1,0,536935668,536919284,12504,6252,0,48216,4103,0,0,0,0,0,0
851,B,13567116,1,512,536935668,536919284,12504,6252,0,0,0,0,0,0,0,0,0
852,C,13567206,1,512,536935672,536919288,12496,6248,0,90,0,13365059,13365159,16048,16383,16004,16383
853,W,13616078,1,512,536937626,536921244,8588,4292,0,48794,4103,0,0,0,0,0,0
854,B,13616081,1,1024,536937628,536921244,8584,4292,0,0,0,0,0,0,0,0,0
855,C,13616171,1,1024,536937630,536921248,8580,4288,0,90,0,13416259,13416359,13763,68,13805,96
856,W,13665066,1,1024,536939584,536923204,4672,2332,0,48816,4103,0,0,0,0,0,0
857,B,13665068,1,1536,536939584,536923204,4672,2332,0,0,0,0,0,0,0,0,0
858,C,13665159,1,1536,536939588,536923208,4664,2328,0,90,0,13467459,13467559,3413,0,3494,0
859,W,13714030,1,1536,536941544,536925160,752,376,0,48790,4103,0,0,0,0,0,0
860,T,13723399,0,0,536941920,536925536,16384,8192,3,0,0,0,0,0,0,0,0
861,B,13723419,0,0,536941920,536925536,16384,8192,0,0,0,0,0,0,0,0,0
862,C,13723475,0,0,536941922,536925540,16380,8188,0,55,0,13518659,13518759,908,8,884,104
863,W,13771744,0,0,536943852,536927468,12520,6260,0,48217,4103,0,0,0,0,0,0
864,B,13771747,0,512,536943852,536927468,12520,6260,0,0,0,0,0,0,0,0,0
865,C,13771837,0,512,536943856,536927472,12512,6256,0,90,0,13569859,13569959,236,0,314,62
866,W,13820705,0,512,536945812,536929428,8600,4300,0,48790,4103,0,0,0,0,0,0
867,B,13820708,0,1024,536945812,536929428,8600,4300,0,0,0,0,0,0,0,0,0
868,C,13820798,0,1024,536945816,536929432,8592,4296,0,89,0,13621059,13621159,4146,16279,4324,16378
869,W,13869699,0,1024,536947772,536931388,4680,2340,0,48822,4103,0,0,0,0,0,0
870,B,13869701,0,1536,536947772,536931388,4680,2340,0,0,0,0,0,0,0,0,0
871,C,13869792,0,1536,536947776,536931392,4672,2336,0,90,0,13672259,13672359,13319,16383,13290,16383
872,W,13918664,0,1536,536949728,536933348,768,380,0,48794,4103,0,0,0,0,0,0
873,T,13928230,1,0,536933728,536917344,16384,8192,3,0,0,0,0,0,0,0,0
874,B,13928250,1,0,536933728,536917344,16384,8192,0,0,0,0,0,0,0,0,0
875,C,13928306,1,0,536933732,536917348,16376,8188,0,55,0,13723459,13723559,15570,16307,15472,16363
876,W,13976575,1,0,536935662,536919280,12516,6256,0,48217,4103,0,0,0,0,0,0
877,B,13976578,1,512,536935662,536919280,12516,6256,0,0,0,0,0,0,0,0,0
878,C,13976668,1,512,536935664,536919284,12512,6252,0,89,0,13774659,13774759,16104,16375,16110,16383
879,W,14025538,1,512,536937620,536921236,8600,4300,0,48791,4103,0,0,0,0,0,0
880,B,14025541,1,1024,536937620,536921236,8600,4300,0,0,0,0,0,0,0,0,0
881,C,14025631,1,1024,536937624,536921240,8592,4296,0,90,0,13825859,13825959,10618,60,10555,143
882,W,14074532,1,1024,536939580,536923196,4680,2340,0,48822,4103,0,0,0,0,0,0
883,B,14074534,1,1536,536939580,536923196,4680,2340,0,0,0,0,0,0,0,0,0
884,C,14074625,1,1536,536939584,536923200,4672,2336,0,89,0,13877059,13877159,2666,0,2844,0
885,W,14123496,1,1536,536941540,536925156,760,380,0,48793,4103,0,0,0,0,0,0
886,T,14133061,0,0,536941920,536925540,16384,8188,3,0,0,0,0,0,0,0,0
887,B,14133081,0,0,536941924,536925540,16376,8188,0,0,0,0,0,0,0,0,0
888,C,14133137,0,0,536941924,536925540,16376,8188,0,55,0,13928259,13928359,765,0,738,0
889,W,14181406,0,0,536943856,536927472,12512,6256,0,48216,4103,0,0,0,0,0,0
890,B,14181408,0,512,536943856,536927472,12512,6256,0,0,0,0,0,0,0,0,0
891,C,14181502,0,512,536943860,536927476,12504,6252,0,93,0,13979459,13979559,243,0,273,21
892,W,14230369,0,512,536945812,536929432,8600,4296,0,48789,4103,0,0,0,0,0,0
893,B,14230372,0,1024,536945814,536929432,8596,4296,0,0,0,0,0,0,0,0,0
894,C,14230463,0,1024,536945816,536929436,8592,4292,0,91,0,14030659,14030759,6899,16383,6996,16293
895,W,14279361,0,1024,536947772,536931392,4680,2336,0,48819,4103,0,0,0,0,0,0
896,B,14279363,0,1536,536947772,536931392,4680,2336,0,0,0,0,0,0,0,0,0
897,C,14279454,0,1536,536947776,536931392,4672,2336,0,89,0,14081859,14081959,13971,16383,14008,16383
898,W,14328341,0,1536,536949732,536933348,760,380,0,48809,4103,0,0,0,0,0,0
899,T,14337892,1,0,536933732,536917348,16376,8188,3,0,0,0,0,0,0,0,0
900,B,14337912,1,0,536933732,536917348,16376,8188,0,0,0,0,0,0,0,0,0
901,C,14337967,1,0,536933732,536917352,16376,8184,0,54,0,14133059,14133159,15701,16383,15643,16383
902,W,14386237,1,0,536935664,536919280,12512,6256,0,48217,4103,0,0,0,0,0,0
903,B,14386240,1,512,536935664,536919280,12512,6256,0,0,0,0,0,0,0,0,0
904,C,14386330,1,512,536935668,536919284,12504,6252,0,90,0,14184259,14184359,16169,16383,16220,16383
905,W,14435200,1,512,536937624,536921240,8592,4296,0,48791,4103,0,0,0,0,0,0
906,B,14435202,1,1024,536937624,536921240,8592,4296,0,0,0,0,0,0,0,0,0
907,C,14435293,1,1024,536937628,536921244,8584,4292,0,89,0,14235459,14235559,8262,0,8185,146
908,W,14484195,1,1024,536939584,536923200,4672,2336,0,48824,4103,0,0,0,0,0,0
909,B,14484198,1,1536,536939584,536923200,4672,2336,0,0,0,0,0,0,0,0,0
910,C,14484288,1,1536,536939588,536923204,4664,2332,0,90,0,14286659,14286759,2136,0,2024,11
911,W,14533159,1,1536,536941540,536925156,760,376,0,48793,4103,0,0,0,0,0,0
912,T,14542722,0,0,536941924,536925540,16376,8188,3,0,0,0,0,0,0,0,0
913,B,14542743,0,0,536941924,536925540,16376,8188,0,0,0,0,0,0,0,0,0
914,C,14542798,0,0,536941928,536925544,16368,8184,0,54,0,14337859,14337959,567,66,658,0
915,W,14591067,0,0,536943856,536927476,12512,6252,0,48216,4103,0,0,0,0,0,0
916,B,14591070,0,512,536943858,536927476,12508,6252,0,0,0,0,0,0,0,0,0
917,C,14591161,0,512,536943860,536927480,12504,6248,0,89,0,14389059,14389159,178,37,125,0
918,W,14640032,0,512,536945816,536929432,8592,4296,0,48791,4103,0,0,0,0,0,0
919,B,14640035,0,1024,536945816,536929432,8592,4296,0,0,0,0,0,0,0,0,0
920,C,14640128,0,1024,536945820,536929436,8584,4292,0,92,0,14440259,14440359,9122,16383,9055,16318
921,W,14689027,0,1024,536947776,536931392,4672,2336,0,48819,4103,0,0,0,0,0,0
922,B,14689029,0,1536,536947776,536931392,4672,2336,0,0,0,0,0,0,0,0,0
923,C,14689121,0,1536,536947780,536931396,4664,2332,0,90,0,14491459,14491559,14535,16383,14516,16324
924,W,14737995,0,1536,536949736,536933352,752,376,0,48795,4103,0,0,0,0,0,0
925,T,14747553,1,0,536933732,536917348,16376,8188,3,0,0,0,0,0,0,0,0
926,B,14747574,1,0,536933734,536917352,16372,8184,0,0,0,0,0,0,0,0,0
927,C,14747629,1,0,536933736,536917352,16368,8184,0,54,0,14542659,14542759,15855,16383,15810,16365
928,W,14795898,1,0,536935668,536919284,12504,6252,0,48216,4103,0,0,0,0,0,0
929,B,14795901,1,512,536935668,536919284,12504,6252,0,0,0,0,0,0,0,0,0
930,C,14795991,1,512,536935672,536919288,12496,6248,0,89,0,14593859,14593959,16196,16383,16161,16383
931,W,14844867,1,512,536937624,536921244,8592,4292,0,48797,4103,0,0,0,0,0,0
932,B,14844870,1,1024,536937626,536921244,8588,4292,0,0,0,0,0,0,0,0,0
933,C,14844960,1,1024,536937628,536921248,8584,4288,0,90,0,14645059,14645159,6397,11,6361,8
934,W,14893861,1,1024,536939584,536923204,4672,2332,0,48823,4103,0,0,0,0,0,0
935,B,14893864,1,1536,536939584,536923204,4672,2332,0,0,0,0,0,0,0,0,0
936,C,14893954,1,1536,536939588,536923204,4664,2332,0,89,0,14696259,14696359,1637,78,1635,30
937,W,14942828,1,1536,536941544,536925160,752,376,0,48796,4103,0,0,0,0,0,0
938,T,14952184,0,0,536941920,536925536,16384,8192,3,0,0,0,0,0,0,0,0
939,B,14952204,0,0,536941920,536925536,16384,8192,0,0,0,0,0,0,0,0,0
940,C,14952260,0,0,536941920,536925540,16384,8188,0,55,0,14747459,14747559,451,91,479,0
941,W,15000527,0,0,536943852,536927468,12520,6260,0,48215,4103,0,0,0,0,0,0
942,B,15000530,0,512,536943852,536927468,12520,6260,0,0,0,0,0,0,0,0,0
943,C,15000620,0,512,536943856,536927472,12512,6256,0,89,0,14798659,14798759,107,49,122,0
944,W,15049498,0,512,536945812,536929428,8600,4300,0,48798,4103,0,0,0,0,0,0
945,X,15049500,0,512,536945812,536929428,8600,4300,0,0,0,0,0,0,0,0,0
copied_block: offset,timestamp,adc_in,adc_out
UNOQ_DIAG_END_V1
